acc:
  mean:
    axis_1: -1.623863970498844
    axis_2: 7.498462777772074
    axis_3: 1.2019712134121376
  sd:
    axis_1: 4.407136931671239
    axis_2: 6.064137149292102
    axis_3: 2.836606166942753
