input:
  scale: 0.05421698838472366
  zero_point: 7
output:
  scale: 0.00390625
  zero_point: -128
