acc:
  mean:
    axis_1: -1.616633509133975
    axis_2: 7.509196170848854
    axis_3: 1.2067305400535513
  sd:
    axis_1: 4.403510783869597
    axis_2: 6.060126064917442
    axis_3: 2.814518894691926
