acc:
  mean:
    axis_1: -1.632687778090473
    axis_2: 7.4949798667183565
    axis_3: 1.2145474013403554
  sd:
    axis_1: 4.409885764099912
    axis_2: 6.05102452138992
    axis_3: 2.825267455535629
