input:
  scale: 0.05373499542474747
  zero_point: 6
output:
  scale: 0.00390625
  zero_point: -128
