acc:
  mean:
    axis_1: -1.6177822222133003
    axis_2: 7.5062320226852215
    axis_3: 1.2115850099316277
  sd:
    axis_1: 4.4071216168308105
    axis_2: 6.0600969193714045
    axis_3: 2.8233586363746426
