input:
  scale: 0.05380545184016228
  zero_point: 6
output:
  scale: 0.00390625
  zero_point: -128
