acc:
  mean:
    axis_1: -1.6231526426659282
    axis_2: 7.501583942737
    axis_3: 1.2124681126239438
  sd:
    axis_1: 4.403413159511435
    axis_2: 6.060232171325414
    axis_3: 2.8230301520167984
