acc:
  mean:
    axis_1: -1.6904617941468643
    axis_2: 7.380591003720558
    axis_3: 1.1897939699464348
  sd:
    axis_1: 4.455177490238286
    axis_2: 6.146447447490801
    axis_3: 2.8584555888567054
gyr:
  mean:
    axis_1: -0.025432130884031626
    axis_2: -0.012494510754525776
    axis_3: 0.02266753879350048
  sd:
    axis_1: 0.578134889315799
    axis_2: 1.4013130290448894
    axis_3: 0.9076980994714925
