input:
  scale: 0.05434691533446312
  zero_point: 7
output:
  scale: 0.00390625
  zero_point: -128
