acc:
  mean:
    axis_1: -1.6278799105569306
    axis_2: 7.500676753062995
    axis_3: 1.2033712413005848
  sd:
    axis_1: 4.409549983735274
    axis_2: 6.05541477192564
    axis_3: 2.827060595046456
