input:
  scale: 0.052613284438848495
  zero_point: 3
output:
  scale: 0.00390625
  zero_point: -128
