input:
  scale: 0.15379458665847778
  zero_point: 0
output:
  scale: 0.00390625
  zero_point: -128
