acc:
  mean:
    axis_1: -1.6155228406675755
    axis_2: 7.502864436199742
    axis_3: 1.2114820544871543
  sd:
    axis_1: 4.403295758943889
    axis_2: 6.067940936204044
    axis_3: 2.8183932902284483
